1000000
1047112
1096444
1148100
1202189
1258827
1318133
1380233
1445259
1513348
1584645
1659302
1737475
1819331
1905044
1994794
2088774
2187180
2290223
2398120
2511101
2629405
2753282
2882995
3018819
3161042
3309966
3465905
3629192
3800171
3979205
4166674
4362975
4568524
4783758
5009131
5245122
5492231
5750982
6021923
6305629
6602701
6913769
7239491
7580560
7937696
8311658
8703239
9113267
9542613
9992186
10000000
10462940
10955872
11472027
12012499
12578434
13171031
13791547
14441297
15121658
15834073
16580050
17361172
18179095
19035552
19932358
20871415
21854713
22884336
23962467
25091391
26273501
27511303
28807420
30164600
31585720
33073793
34631971
36263559
37972014
39760958
41634183
43595660
45649547
47800197
50052168
52410235
54879395
57464883
60172178
63007021
65975419
69083665
72338346
75746363
79314940
83051639
86964383
91061464
95351568
99843788
100000000
104547647
109473114
114630631
120031129
125686057
131607401
137807713
144300134
151098428
158217004
165670951
173476071
181648906
190206782
199167838
208551068
218376363
228664549
239437434
250717853
262529718
274898064
287849111
301410309
315610406
330479499
346049108
362352235
379423438
397298903
416016520
435615964
456138781
477628472
500130590
523692831
548365141
574199817
601251621
629577895
659238680
690296850
722818239
756871780
792529658
829867457
868964320
909903122
952770639
997657739
1000000000
1044659568
1093875756
1145410625
1199373415
1255878508
1315045680
1377000346
1441873832
1509803648
1580933787
1655415021
1733405228
1815069724
1900581611
1990122151
2083881140
2182057319
2284858792
2392503466
2505219515
2623245863
2746832689
2876241959
3011747983
3153637990
3302212744
3457787179
3620691064
3791269706
3969884679
4156914593
4352755893
4557823704
4772552705
4997398058
5232836365
5479366683
5737511582
6007818249
6290859651
6587235751
6897574775
7222534545
7562803878
7919104041
8292190280
8682853425
9091921561
9520261788
9968782056
10000000000
10438433091
10930210409
11445156427
11984362674
12548972102
13000000000
13140181510
13759244080
14407472037
15086239424
15796985021
16541215392
17320508076
18136514935
18990965656
19885671410
20822528702
21803523380
22830734855
23906340500
25032620269
26211961532
27446864129
28739945678
30093947115
31511738509
32996325143
34550853887
36178619865
37883073445
39667827545
41536665297
43493548067
45542623846
47688236048
49934932713
52287476152
54750853037
57330284972
60031239563
62859442007
65820887229
68921852585
72168911173
75568945763
79129163388
82857110620
86760689565
90848174617
95128229991
99609928097
100000000000
104302768761
109216699370
114362135953
119749985260
125391667883
130000000000
131299142461
137484931034
143962145579
150744515809
157846418272
165282906828
173069744557
181223437172
189761268004
198701334642
208062587291
217864868942
228128957430
238876609483
250130606832
261914804507
274254181402
287174893217
300704327907
314871163733
329705430050
345238570962
361503511974
378534729783
396368325357
415042100460
434595637780
455070384831
476509741809
498959153590
522466206056
547080726961
572854891558
599843333185
628103259078
657694571630
688679995367
721125209903
755098989162
790673347157
827923690639
866928978933
907771891314
950539002253
995320964936
1000000000000
1042212703416
1091313613827
1142727775070
1196564169430
1252936913585
1300000000000
1311965500497
1373775052704
1438496587537
1506267294840
1577230827771
1651537607297
1729345141047
1810818357179
1896129953972
1985460765900
2079000146941
2176946371954
2279507056955
2386899599205
2499351638022
2617101537311
2740398890815
2869505051187
3004693683969
3146251347683
3294478101250
3449688140017
3612210461760
3782389564056
3960586174514
4147178015404
4342560604319
4547148092543
4761374142932
4985692849142
5220579698171
5466532578244
5724072834185
5993746372511
6276124818579
6571806728266
6881418856717
7205617486879
7545089820617
7900555435372
8272767809448
8662515919149
9070625911176
9497962853795
9945432570527
10000000000000
10413983560209
10904609007526
11418348888254
11956292173695
12519579138962
13000000000000
